          0     2.35631     2.77096     1.00018     2.59394     2.99195 -0.00132704 -0.00132704 -0.00132704 -0.00132704
    2.35631           0    0.419285     2.56688     1.00003     1.05134 -0.00132704 -0.00132704 -0.00132704 -0.00132704
    2.77096    0.419285           0     2.97417     1.12962     1.00022 -0.00132704 -0.00132704 -0.00132704 -0.00132704
    1.00018     2.56688     2.97417           0     2.40691     2.85594 -0.00132704 -0.00132704 -0.00132704 -0.00132704
    2.59394     1.00003     1.12962     2.40691           0    0.454477 -0.00132704 -0.00132704 -0.00132704 -0.00132704
    2.99195     1.05134     1.00022     2.85594    0.454477           0 -0.00132704 -0.00132704 -0.00132704 -0.00132704